0.06368
0.06130
0.06492
0.06395
0.06347
0.06741
0.06305
0.06831
0.07257
0.06881
0.06989
0.06812
0.06679
0.06950
0.06306
0.06673
0.06014
0.05867
0.06351
0.06334
0.05852
0.06356
0.05995
0.06668
0.06582
0.06339
0.06588
0.06479
0.05974
0.06389
0.05802
0.06306
0.06047
0.06382
0.06027
0.06510
0.06546
0.07434
0.06306
0.07296
0.06408
0.06675
0.06075
0.06482
0.06403
0.07184
0.05928
0.06714
0.05746
0.06192
0.05895
0.06503
0.06044
0.07094
0.05978
0.07181
0.05838
0.06271
0.05741
0.06283
0.05733
0.06719
0.05462
0.06459
0.05669
0.05418
0.05671
0.05525
0.05829
0.06097
0.05686
0.06103
0.06635
0.06301
0.06267
0.06161
0.06151
0.06369
0.05708
0.06103
0.05614
0.05452
0.05795
0.05738
0.05641
0.06049
0.05677
0.06279
0.06273
0.06136
0.06120
0.06159
0.05799
0.06243
0.05529
0.06141
0.05769
0.05969
0.05708
0.06005
0.06417
0.07027
0.06129
0.06869
0.06232
0.06401
0.05797
0.06134
0.06268
0.06851
0.05696
0.06384
0.05727
0.06089
0.05807
0.06290
0.06205
0.07057
0.06080
0.07119
0.05918
0.06366
0.05674
0.06261
0.05908
0.06821
0.05513
0.06528
0.06666
0.05939
0.07003
0.06359
0.06484
0.06375
0.06594
0.06595
0.07375
0.06514
0.07323
0.06603
0.06702
0.06415
0.06485
0.06286
0.06293
0.05731
0.06831
0.06316
0.05911
0.06019
0.06212
0.06445
0.06696
0.06080
0.06870
0.06310
0.05960
0.05961
0.05927
0.05984
0.06201
0.06073
0.06334
0.06393
0.06553
0.06895
0.06459
0.06972
0.06374
0.06140
0.06246
0.06184
0.06324
0.06486
0.06035
0.06285
0.05909
0.05929
0.06211
0.06408
0.06032
0.06607
0.06129
0.06897
0.05845
0.05842
0.05920
0.06035
0.05681
0.06148
0.05585
0.06115
0.06150
0.05443
0.06319
0.05697
0.06151
0.05876
0.06152
0.06036
0.06918
0.06159
0.06699
0.06146
0.06386
0.06048
0.06070
0.05921
0.06069
0.05484
0.06398
0.05875
0.05875
0.05814
0.06052
0.06165
0.06578
0.06073
0.06532
0.06155
0.06001
0.05984
0.05842
0.05975
0.06087
0.05803
0.06152
0.06028
0.06539
0.06527
0.06397
0.06610
0.06351
0.06032
0.06080
0.05981
0.06336
0.06275
0.05929
0.06071
0.06041
0.05918
0.06237
0.06277
0.06304
0.06558
0.06328
0.06836
0.06090
0.06059
0.05978
0.06120
0.06005
0.06315
0.05763
0.06245
