0.17678 0.00000
0.17678 0.00000
0.17678 0.00000
0.17678 0.00000
0.17678 0.00000
0.17678 0.00000
0.17678 0.00000
0.17678 0.00000
0.17678 0.00000
0.17678 0.00000
0.17678 0.00000
0.17678 0.00000
0.17678 0.00000
0.17678 0.00000
0.17678 0.00000
0.17678 0.00000
0.17678 0.00000
0.17678 0.00000
0.17678 0.00000
0.17678 0.00000
0.17678 0.00000
0.17678 0.00000
0.17678 0.00000
0.17678 0.00000
0.17678 0.00000
0.17678 0.00000
0.17678 0.00000
0.17678 0.00000
0.17678 0.00000
0.17678 0.00000
0.17678 0.00000
0.17678 0.00000
